


深圳科技园高新南一道证券营业部 客户对帐单
客户号:0640909192  姓名:蔡幼奇   货币:人民币  日期:20160401-->20160629  牛卡级别::银卡
===================================================================================================================
发生日期  股东代码      银行代码   摘                   要       成交数 成交均价    手续费  印花税等    变动金额       资金余额
20160401 0168550310     000502     证券卖出中泰股份            100.00   77.620      5.00      7.76     7749.24        7750.24
20160401 980515268627     000502     保证金产品申购天添利       7749.24    1.000      0.00      0.00    -7749.24           1.00
20160405                000502     银行转存                      0.00    0.000      0.00      0.00    10000.00       10001.00
20160405 0168550310     000502     证券买入中泰股份            100.00   78.300      5.00      0.00    -7835.00        2166.00
20160405 0168550310     000502     证券买入亚太股份            300.00   20.840      5.00      0.00    -6257.00       -4091.00
20160405 0168550310     000502     证券买入亚太股份            200.00   20.710      5.00      0.00    -4147.00       -8238.00
20160405 980515268627     000502     保证金产品赎回天添利       8239.00    1.000      0.00      0.00     8239.00       -8238.00
20160405 980515268627     000502     赎回到帐天添利                0.00    0.000      0.00      0.00     8239.00           1.00
20160406 0168550310     000502     证券买入亚太股份            200.00   21.710      5.00      0.00    -4347.00       -4346.00
20160406 0168550310     000502     证券卖出亚太股份            200.00   20.530      5.00      4.11     4096.89        -249.11
20160406 980515268627     000502     保证金产品赎回天添利        250.11    1.000      0.00      0.00      250.11        -249.11
20160406 980515268627     000502     赎回到帐天添利                0.00    0.000      0.00      0.00      250.11           1.00
20160407 0168550310     000502     证券买入亚太股份            200.00   20.530      5.00      0.00    -4111.00       -4110.00
20160407 0168550310     000502     证券卖出亚太股份            200.00   21.150      5.00      4.23     4220.77         110.77
20160407 980515268627     000502     股息入帐天添利                0.00    0.000      0.00      0.00        7.97         118.74
20160407 980515268627     000502     保证金产品申购天添利        109.77    1.000      0.00      0.00     -109.77           8.97
20160411 0168550310     000502     证券买入亚太股份            200.00   21.280      5.00      0.00    -4261.00       -4252.03
20160411 0168550310     000502     证券卖出亚太股份            200.00   22.180      5.00      4.44     4426.56         174.53
20160411 980515268627     000502     保证金产品申购天添利        173.53    1.000      0.00      0.00     -173.53           1.00
20160412 0168550310     000502     证券买入亚太股份            200.00   21.600      5.00      0.00    -4325.00       -4324.00
20160412 0168550310     000502     证券卖出中泰股份            100.00   74.240      5.00      7.42     7411.58        3087.58
20160412 980515268627     000502     保证金产品申购天添利       3086.58    1.000      0.00      0.00    -3086.58           1.00
20160415 0168550310     000502     证券买入亚太股份            300.00   22.720      5.00      0.00    -6821.00       -6820.00
20160415 980515268627     000502     保证金产品赎回天添利       6821.00    1.000      0.00      0.00     6821.00       -6820.00
20160415 980515268627     000502     赎回到帐天添利                0.00    0.000      0.00      0.00     6821.00           1.00
20160418 0168550310     000502     证券卖出亚太股份            500.00   23.800      5.00     11.90    11883.10       11884.10
20160418 980515268627     000502     保证金产品申购天添利      11883.10    1.000      0.00      0.00   -11883.10           1.00
20160419 0168550310     000502     证券买入亚太股份            500.00   23.450      5.00      0.00   -11730.00      -11729.00
20160419 980515268627     000502     保证金产品赎回天添利      11730.00    1.000      0.00      0.00    11730.00      -11729.00
20160419 980515268627     000502     赎回到帐天添利                0.00    0.000      0.00      0.00    11730.00           1.00
20160420 0168550310     000502     配号苏奥传感(61581636)        2.00    0.000      0.00      0.00        0.00           1.00
20160421 0168550310     000502     证券卖出亚太股份           1000.00   21.480      6.66     21.48    21451.86       21452.86
20160421 980515268627     000502     保证金产品申购天添利      21451.86    1.000      0.00      0.00   -21451.86           1.00
20160422 0168550310     000502     配号雪榕生物(50264830)        2.00    0.000      0.00      0.00        0.00           1.00
20160426 0168550310     000502     证券买入西部证券            400.00   24.160      5.00      0.00    -9669.00       -9668.00
20160426 980515268627     000502     保证金产品赎回天添利       9669.00    1.000      0.00      0.00     9669.00       -9668.00
20160426 980515268627     000502     赎回到帐天添利                0.00    0.000      0.00      0.00     9669.00           1.00
20160503 0168550310     000502     证券买入亚太股份            600.00   20.940      5.00      0.00   -12569.00      -12568.00
20160503 980515268627     000502     保证金产品赎回天添利      12569.00    1.000      0.00      0.00    12569.00      -12568.00
20160503 980515268627     000502     赎回到帐天添利                0.00    0.000      0.00      0.00    12569.00           1.00
20160504 0168550310     000502     证券卖出亚太股份            600.00   20.760      5.00     12.46    12438.54       12439.54
20160504 980515268627     000502     保证金产品申购天添利      12438.54    1.000      0.00      0.00   -12438.54           1.00
20160505                000502     保证金产品快速取款            0.00    0.000      0.00      0.00    10000.00       10001.00
20160505                000502     银行转取                      0.00    0.000      0.00      0.00   -10000.00           1.00
20160505 0168550310     000502     证券卖出西部证券            400.00   24.660      5.00      9.86     9849.14        9850.14
20160505 980515268627     000502     保证金份额转让划出天添利  10000.00    1.000      0.00      0.00        0.00        9850.14
20160505 980515268627     000502     保证金产品申购天添利       9849.14    1.000      0.00      0.00    -9849.14           1.00
20160509 980515268627     000502     股息入帐天添利                0.00    0.000      0.00      0.00       10.87          11.87
20160518 0168550310     000502     配号恒泰实达(25464041)        2.00    0.000      0.00      0.00        0.00          11.87
20160530                000502     保证金产品快速取款            0.00    0.000      0.00      0.00    13000.00       13011.87
20160530                000502     银行转取                      0.00    0.000      0.00      0.00   -13000.00          11.87
20160530 980515268627     000502     保证金份额转让划出天添利  13000.00    1.000      0.00      0.00        0.00          11.87
20160608 980515268627     000502     股息入帐天添利                0.00    0.000      0.00      0.00       10.92          22.79
20160620                000502     批量利息归本                  0.00    0.000      0.00      0.00        0.01          22.80


深圳科技园高新南一道证券营业部 客户托管情况
客户号:0640909192  姓名:蔡幼奇                 货币:人民币  日期:20160401-->20160629  牛卡级别::银卡
===================================================================================================================
股东代码   证券代码及名称        库存数     当日买入   买入价    当日卖出   卖出价      可用数量            市值  成本价
0168550310 002506-协鑫集成       100.00        0.00    0.000        0.00    0.000        100.00          692.00  98.762
===================================================================================================================
注意：股票库存数为昨日余额，当日买卖和市值仅供参考，具体数据以登记公司为准。
===================================================================================================================
资金余额:              22.80                            市值:             692.00
可用资金:             456.60               可用资金+市值合计:            1148.60
买入未交收金额:               0.00                  卖出未交收金额:               0.00
第1页