


深圳科技园高新南一道证券营业部 客户对帐单
客户号:0640909192  姓名:蔡幼奇   货币:人民币  日期:20151001-->20160331  牛卡级别::银卡
===================================================================================================================
发生日期  股东代码      银行代码   摘                   要       成交数 成交均价    手续费  印花税等    变动金额       资金余额
20151008 0168550310     000502     证券卖出深 赛 格            400.00    8.790      5.00      3.52     3507.48        3508.48
20151008 980515268627     000502     保证金产品申购天添利       3507.48    1.000      0.00      0.00    -3507.48           1.00
20151012 0168550310     000502     证券买入证通电子            600.00   18.370      5.00      0.00   -11027.00      -11026.00
20151012 0168550310     000502     证券买入深 赛 格            100.00    9.540      5.00      0.00     -959.00      -11985.00
20151012 980515268627     000502     股息入帐天添利                0.00    0.000      0.00      0.00       18.56      -11966.44
20151012 980515268627     000502     保证金产品赎回天添利      11986.00    1.000      0.00      0.00    11986.00      -11966.44
20151012 980515268627     000502     赎回到帐天添利                0.00    0.000      0.00      0.00    11986.00          19.56
20151013 0168550310     000502     证券卖出深 赛 格            100.00    9.920      5.00      0.99      986.01        1005.57
20151013 0168550310     000502     证券买入海陆重工            100.00    9.260      5.00      0.00     -931.00          74.57
20151013 0168550310     000502     证券卖出证通电子            600.00   19.030      5.00     11.42    11401.58       11476.15
20151013 980515268627     000502     保证金产品申购天添利      11475.15    1.000      0.00      0.00   -11475.15           1.00
20151014 0168550310     000502     证券买入苏宁云商            800.00   14.090      5.00      0.00   -11277.00      -11276.00
20151014 980515268627     000502     保证金产品赎回天添利      11277.00    1.000      0.00      0.00    11277.00      -11276.00
20151014 980515268627     000502     赎回到帐天添利                0.00    0.000      0.00      0.00    11277.00           1.00
20151016 0168550310     000502     证券卖出苏宁云商            800.00   14.390      5.00     11.51    11495.49       11496.49
20151016 0168550310     000502     证券买入西安民生            200.00   10.610      5.00      0.00    -2127.00        9369.49
20151016 980515268627     000502     保证金产品申购天添利       9368.49    1.000      0.00      0.00    -9368.49           1.00
20151019 0168550310     000502     证券卖出海陆重工            100.00   10.560      5.00      1.06     1049.94        1050.94
20151019 0168550310     000502     证券买入新宁物流            200.00   23.210      5.00      0.00    -4647.00       -3596.06
20151019 980515268627     000502     保证金产品赎回天添利       3597.06    1.000      0.00      0.00     3597.06       -3596.06
20151019 980515268627     000502     赎回到帐天添利                0.00    0.000      0.00      0.00     3597.06           1.00
20151020 0168550310     000502     证券买入西安民生            200.00   10.410      5.00      0.00    -2087.00       -2086.00
20151020 980515268627     000502     保证金产品赎回天添利       2087.00    1.000      0.00      0.00     2087.00       -2086.00
20151020 980515268627     000502     赎回到帐天添利                0.00    0.000      0.00      0.00     2087.00           1.00
20151021 A830345726     000502     证券买入界龙实业            100.00   34.880      5.00      0.07    -3493.07       -3492.07
20151021 0168550310     000502     证券卖出西安民生            400.00   12.610      5.00      5.04     5033.96        1541.89
20151021 0168550310     000502     证券卖出新宁物流            200.00   21.400      5.00      4.28     4270.72        5812.61
20151021 980515268627     000502     保证金产品申购天添利       5811.61    1.000      0.00      0.00    -5811.61           1.00
20151022 0168550310     000502     证券买入深康佳Ａ           1000.00    7.090      5.00      0.00    -7095.00       -7094.00
20151022 980515268627     000502     保证金产品赎回天添利       7095.00    1.000      0.00      0.00     7095.00       -7094.00
20151022 980515268627     000502     赎回到帐天添利                0.00    0.000      0.00      0.00     7095.00           1.00
20151023                000502     银行转存                      0.00    0.000      0.00      0.00     5000.00        5001.00
20151023                000502     银行转存                      0.00    0.000      0.00      0.00     5000.00       10001.00
20151023 A830345726     000502     证券买入大众交通            200.00   18.450      5.00      0.07    -3695.07        6305.93
20151023 A830345726     000502     证券卖出界龙实业            100.00   35.850      5.00      3.66     3576.34        9882.27
20151023 980515268627     000502     保证金产品申购天添利       1644.27    1.000      0.00      0.00    -1644.27        8238.00
20151026                000502     银行转存                      0.00    0.000      0.00      0.00    50000.00       58238.00
20151026 0168550310     000502     证券买入协鑫集成           1000.00   12.770      5.00      0.00   -12775.00       45463.00
20151026 0168550310     000502     证券买入协鑫集成           1000.00   12.940      5.00      0.00   -12945.00       32518.00
20151026 0168550310     000502     证券买入协鑫集成            900.00   12.930      5.00      0.00   -11642.00       20876.00
20151026 980515268627     000502     保证金产品赎回天添利       4993.02    1.000      0.00      0.00     4993.02       20876.00
20151026 980515268627     000502     赎回到帐天添利                0.00    0.000      0.00      0.00     4993.02       25869.02
20151027 0168550310     000502     证券买入协鑫集成           2000.00   12.940      8.02      0.00   -25888.02         -19.00
20151027 980515268627     000502     保证金产品赎回天添利         20.00    1.000      0.00      0.00       20.00         -19.00
20151027 980515268627     000502     赎回到帐天添利                0.00    0.000      0.00      0.00       20.00           1.00
20151029                000502     银行转存                      0.00    0.000      0.00      0.00    50000.00       50001.00
20151029 0168550310     000502     证券买入中成股份           1000.00   29.770      9.23      0.00   -29779.23       20221.77
20151029 980515268627     000502     保证金产品申购天添利      20220.77    1.000      0.00      0.00   -20220.77           1.00
20151102 0168550310     000502     证券买入协鑫集成           1600.00   12.070      5.99      0.00   -19317.99      -19316.99
20151102 980515268627     000502     保证金产品赎回天添利      19317.99    1.000      0.00      0.00    19317.99      -19316.99
20151102 980515268627     000502     赎回到帐天添利                0.00    0.000      0.00      0.00    19317.99           1.00
20151109 980515268627     000502     股息入帐天添利                0.00    0.000      0.00      0.00        7.14           8.14
20151110 A830345726     000502     证券卖出大众交通            200.00   17.190      5.00      3.51     3429.49        3437.63
20151110 0168550310     000502     证券卖出深康佳Ａ           1000.00    7.050      5.00      7.05     7037.95       10475.58
===================================================================================================================
page 1


深圳科技园高新南一道证券营业部 客户对帐单
客户号:0640909192  姓名:蔡幼奇   货币:人民币  日期:20151001-->20160331  牛卡级别::银卡
===================================================================================================================
发生日期  股东代码      银行代码   摘                   要       成交数 成交均价    手续费  印花税等    变动金额       资金余额
20151110 0168550310     000502     证券买入协鑫集成            800.00   12.910      5.00      0.00   -10333.00         142.58
20151110 980515268627     000502     保证金产品申购天添利        141.58    1.000      0.00      0.00     -141.58           1.00
20151111 0168550310     000502     证券卖出中成股份           1000.00   29.040      9.00     29.03    29001.97       29002.97
20151111 980515268627     000502     保证金产品赎回天添利        787.26    1.000      0.00      0.00      787.26       29002.97
20151111 980515268627     000502     赎回到帐天添利                0.00    0.000      0.00      0.00      787.26       29790.23
20151112 0168550310     000502     证券买入协鑫集成           1800.00   15.850      8.84      0.00   -28538.84        1251.39
20151112 0168550310     000502     证券买入协鑫集成            100.00   15.100      5.00      0.00    -1515.00        -263.61
20151112 980515268627     000502     保证金产品赎回天添利        264.61    1.000      0.00      0.00      264.61        -263.61
20151112 980515268627     000502     赎回到帐天添利                0.00    0.000      0.00      0.00      264.61           1.00
20151119 0168550310     000502     证券卖出协鑫集成            300.00   14.430      5.00      4.33     4319.67        4320.67
20151119 980515268627     000502     保证金产品申购天添利       4319.67    1.000      0.00      0.00    -4319.67           1.00
20151120                000502     银行转存                      0.00    0.000      0.00      0.00    50000.00       50001.00
20151120                000502     银行转取                      0.00    0.000      0.00      0.00   -50000.00           1.00
20151120                000502     保证金产品快速取款            0.00    0.000      0.00      0.00     4000.00        4001.00
20151120                000502     银行转取                      0.00    0.000      0.00      0.00    -3800.00         201.00
20151120 0168550310     000502     证券买入协鑫集成           1000.00   15.030      5.00      0.00   -15035.00      -14834.00
20151120 0168550310     000502     证券卖出协鑫集成           1000.00   14.580      5.00     14.58    14560.42        -273.58
20151120 980515268627     000502     保证金份额转让划出天添利   4000.00    1.000      0.00      0.00        0.00        -273.58
20151120 980515268627     000502     保证金产品赎回天添利        320.20    1.000      0.00      0.00      320.20        -273.58
20151120 980515268627     000502     赎回到帐天添利                0.00    0.000      0.00      0.00      320.20          46.62
20151123 0168550310     000502     证券卖出协鑫集成           1000.00   13.660      5.00     13.66    13641.34       13687.96
20151123 0168550310     000502     证券买入先锋新材            800.00   15.320      5.00      0.00   -12261.00        1426.96
20151123 980515268627     000502     保证金产品申购天添利       1425.96    1.000      0.00      0.00    -1425.96           1.00
20151124 0168550310     000502     证券卖出协鑫集成           1000.00   14.500      5.00     14.50    14480.50       14481.50
20151124 980515268627     000502     保证金产品申购天添利       2155.50    1.000      0.00      0.00    -2155.50       12326.00
20151125 0168550310     000502     证券买入超华科技           1200.00   12.460      5.00      0.00   -14957.00       -2631.00
20151125 0168550310     000502     证券卖出先锋新材            800.00   15.120      5.00     12.10    12078.90        9447.90
20151125 0168550310     000502     证券买入超华科技            900.00   13.120      5.00      0.00   -11813.00       -2365.10
20151125 980515268627     000502     保证金产品赎回天添利       2366.10    1.000      0.00      0.00     2366.10       -2365.10
20151125 980515268627     000502     赎回到帐天添利                0.00    0.000      0.00      0.00     2366.10           1.00
20151126 0168550310     000502     证券卖出超华科技           2100.00   13.372      8.71     28.08    28045.21       28046.21
20151126 0168550310     000502     证券买入协鑫集成            900.00   14.660      5.00      0.00   -13199.00       14847.21
20151126 0168550310     000502     证券买入协鑫集成           1100.00   14.380      5.00      0.00   -15823.00        -975.79
20151126 980515268627     000502     保证金产品赎回天添利        976.79    1.000      0.00      0.00      976.79        -975.79
20151126 980515268627     000502     赎回到帐天添利                0.00    0.000      0.00      0.00      976.79           1.00
20151201                000502     银行转存                      0.00    0.000      0.00      0.00    26000.00       26001.00
20151201 0168550310     000502     新股申购中坚科技            500.00   12.110      0.00      0.00    -6055.00       19946.00
20151201 0168550310     000502     新股申购三夫户外            500.00    9.420      0.00      0.00    -4710.00       15236.00
20151201 0168550310     000502     新股申购润欣科技           2000.00    6.870      0.00      0.00   -13740.00        1496.00
20151201 980515268627     000502     保证金产品申购天添利       1495.00    1.000      0.00      0.00    -1495.00           1.00
20151202 0168550310     000502     配号中坚科技(4469742)         1.00    0.000      0.00      0.00        0.00           1.00
20151202 0168550310     000502     配号三夫户外(3908990)         1.00    0.000      0.00      0.00        0.00           1.00
20151202 0168550310     000502     配号润欣科技(6599583)         4.00    0.000      0.00      0.00        0.00           1.00
20151203 0168550310     000502     申购返款中坚科技            500.00   12.110      0.00      0.00     6055.00        6056.00
20151203 0168550310     000502     申购返款三夫户外            500.00    9.420      0.00      0.00     4710.00       10766.00
20151203 0168550310     000502     申购返款润欣科技           2000.00    6.870      0.00      0.00    13740.00       24506.00
20151204                000502     银行转取                      0.00    0.000      0.00      0.00    -6000.00       18506.00
20151204                000502     保证金产品快速取款            0.00    0.000      0.00      0.00     1700.00       20206.00
20151204                000502     银行转取                      0.00    0.000      0.00      0.00   -20000.00         206.00
20151204 0168550310     000502     证券卖出协鑫集成           2900.00   13.300     11.96     38.57    38519.47       38725.47
20151204 0168550310     000502     证券买入九九久             1000.00   19.800      6.14      0.00   -19806.14       18919.33
20151204 0168550310     000502     证券卖出协鑫集成           6000.00   13.180     24.51     79.08    78976.41       97895.74
20151204 980515268627     000502     保证金份额转让划出天添利   1700.00    1.000      0.00      0.00        0.00       97895.74
20151204 980515268627     000502     保证金产品申购天添利      97894.74    1.000      0.00      0.00   -97894.74           1.00
===================================================================================================================
page 2


深圳科技园高新南一道证券营业部 客户对帐单
客户号:0640909192  姓名:蔡幼奇   货币:人民币  日期:20151001-->20160331  牛卡级别::银卡
===================================================================================================================
发生日期  股东代码      银行代码   摘                   要       成交数 成交均价    手续费  印花税等    变动金额       资金余额
20151209 0168550310     000502     证券卖出九九久             1000.00   20.300      6.29     20.30    20273.41       20274.41
20151209 0168550310     000502     证券买入奥飞动漫            600.00   47.010      8.74      0.00   -28214.74       -7940.33
20151209 980515268627     000502     股息入帐天添利                0.00    0.000      0.00      0.00        3.96       -7936.37
20151209 980515268627     000502     保证金产品赎回天添利       7941.33    1.000      0.00      0.00     7941.33       -7936.37
20151209 980515268627     000502     赎回到帐天添利                0.00    0.000      0.00      0.00     7941.33           4.96
20151210 0168550310     000502     证券买入奥飞动漫            600.00   46.160      8.59      0.00   -27704.59      -27699.63
20151210 980515268627     000502     保证金产品赎回天添利      27700.63    1.000      0.00      0.00    27700.63      -27699.63
20151210 980515268627     000502     赎回到帐天添利                0.00    0.000      0.00      0.00    27700.63           1.00
20151211                000502     保证金产品快速取款            0.00    0.000      0.00      0.00     4000.00        4001.00
20151211                000502     银行转取                      0.00    0.000      0.00      0.00    -4000.00           1.00
20151211 0168550310     000502     证券买入华宇软件            600.00   48.510      9.02      0.00   -29115.02      -29114.02
20151211 0168550310     000502     证券买入华宇软件            600.00   48.210      8.97      0.00   -28934.97      -58048.99
20151211 980515268627     000502     保证金份额转让划出天添利   4000.00    1.000      0.00      0.00        0.00      -58048.99
20151211 980515268627     000502     保证金产品赎回天添利      58286.35    1.000      0.00      0.00    58286.35      -58048.99
20151211 980515268627     000502     赎回到帐天添利                0.00    0.000      0.00      0.00    58286.35         237.36
20151214 980515268627     000502     保证金产品申购天添利        236.36    1.000      0.00      0.00     -236.36           1.00
20151216 A830345726     000502     证券买入中江地产            300.00   69.810      6.49      0.42   -20949.91      -20948.91
20151216 A830345726     000502     证券买入中江地产            200.00   68.610      5.00      0.27   -13727.27      -34676.18
20151216 A830345726     000502     证券买入中江地产            200.00   68.710      5.00      0.27   -13747.27      -48423.45
20151216 0168550310     000502     证券卖出奥飞动漫           1200.00   45.160     16.80     54.19    54121.01        5697.56
20151216 0168550310     000502     证券卖出华宇软件            200.00   53.960      5.00     10.79    10776.21       16473.77
20151216 980515268627     000502     保证金产品申购天添利      16472.77    1.000      0.00      0.00   -16472.77           1.00
20151218                000502     批量利息归本                  0.00    0.000      0.00      0.00        1.15           2.15
20151218 0168550310     000502     证券买入协鑫集成           1300.00   12.470      5.03      0.00   -16216.03      -16213.88
20151218 980515268627     000502     保证金产品赎回天添利      16216.03    1.000      0.00      0.00    16216.03      -16213.88
20151218 980515268627     000502     赎回到帐天添利                0.00    0.000      0.00      0.00    16216.03           2.15
20151222 0168550310     000502     证券卖出华宇软件            500.00   53.690      8.32     26.85    26809.83       26811.98
20151222 980515268627     000502     保证金产品申购天添利      26810.98    1.000      0.00      0.00   -26810.98           1.00
20151224 980515268627     000502     保证金产品赎回天添利      11515.00    1.000      0.00      0.00    11515.00           1.00
20151224 980515268627     000502     赎回到帐天添利                0.00    0.000      0.00      0.00    11515.00       11516.00
20151225 0168550310     000502     证券买入协鑫集成           1000.00   11.800      5.00      0.00   -11805.00        -289.00
20151225 980515268627     000502     保证金产品赎回天添利        290.00    1.000      0.00      0.00      290.00        -289.00
20151225 980515268627     000502     赎回到帐天添利                0.00    0.000      0.00      0.00      290.00           1.00
20151228 0168550310     000502     证券卖出华宇软件            500.00   50.010      7.75     25.00    24972.25       24973.25
20151228 980515268627     000502     保证金产品申购天添利      24972.25    1.000      0.00      0.00   -24972.25           1.00
20151231 980515268627     000502     保证金产品赎回天添利      40000.00    1.000      0.00      0.00    40000.00           1.00
20151231 980515268627     000502     赎回到帐天添利                0.00    0.000      0.00      0.00    40000.00       40001.00
20160104                000502     银行转取                      0.00    0.000      0.00      0.00   -40000.00           1.00
20160105 A830345726     000502     证券卖出九鼎投资            700.00   52.840     11.47     37.73    36938.80       36939.80
20160105 980515268627     000502     保证金产品申购天添利      36938.80    1.000      0.00      0.00   -36938.80           1.00
20160107                000502     保证金产品快速取款            0.00    0.000      0.00      0.00    30000.00       30001.00
20160107                000502     银行转取                      0.00    0.000      0.00      0.00   -30000.00           1.00
20160107 980515268627     000502     股息入帐天添利                0.00    0.000      0.00      0.00       30.44          31.44
20160107 980515268627     000502     保证金份额转让划出天添利  30000.00    1.000      0.00      0.00        0.00          31.44
20160108 A830345726     000502     证券买入天业股份            500.00   14.670      5.00      0.15    -7340.15       -7308.71
20160108 980515268627     000502     保证金产品赎回天添利       7309.71    1.000      0.00      0.00     7309.71       -7308.71
20160108 980515268627     000502     赎回到帐天添利                0.00    0.000      0.00      0.00     7309.71           1.00
20160122 0168550310     000502     配号高澜股份(101488749)       5.00    0.000      0.00      0.00        0.00           1.00
20160125 0168550310     000502     配号苏州设计(31114755)        4.00    0.000      0.00      0.00        0.00           1.00
20160126 0168550310     000502     配号海顺新材(49207435)        4.00    0.000      0.00      0.00        0.00           1.00
20160127 A830345726     000502     配号东方配号(100027843885)      1.00    0.000      0.00      0.00        0.00           1.00
20160128 A830345726     000502     证券卖出天业股份            500.00   11.680      5.00      5.96     5829.04        5830.04
20160128 A830345726     000502     证券买入锦江投资            200.00   28.730      5.00      0.12    -5751.12          78.92
20160129 0168550310     000502     配号鹭燕医药(7849969)         4.00    0.000      0.00      0.00        0.00          78.92
===================================================================================================================
page 3


深圳科技园高新南一道证券营业部 客户对帐单
客户号:0640909192  姓名:蔡幼奇   货币:人民币  日期:20151001-->20160331  牛卡级别::银卡
===================================================================================================================
发生日期  股东代码      银行代码   摘                   要       成交数 成交均价    手续费  印花税等    变动金额       资金余额
20160204 A830345726     000502     证券卖出锦江投资            200.00   29.940      5.00      6.10     5976.90        6055.82
20160204 0168550310     000502     证券卖出协鑫集成           1000.00    7.810      5.00      7.81     7797.19       13853.01
20160204 980515268627     000502     保证金产品申购天添利        852.01    1.000      0.00      0.00     -852.01       13001.00
20160205                000502     银行转取                      0.00    0.000      0.00      0.00   -10000.00        3001.00
20160205 980515268627     000502     保证金产品赎回天添利        952.43    1.000      0.00      0.00      952.43        3001.00
20160205 980515268627     000502     赎回到帐天添利                0.00    0.000      0.00      0.00      952.43        3953.43
20160215 0168550310     000502     证券买入光华科技            100.00   25.830      5.00      0.00    -2588.00        1365.43
20160215 980515268627     000502     保证金产品申购天添利       1364.43    1.000      0.00      0.00    -1364.43           1.00
20160216 0168550310     000502     证券卖出光华科技            100.00   26.990      5.00      2.70     2691.30        2692.30
20160216 0168550310     000502     证券卖出协鑫集成            300.00    8.430      5.00      2.53     2521.47        5213.77
20160216 980515268627     000502     股息入帐天添利                0.00    0.000      0.00      0.00        2.67        5216.44
20160216 980515268627     000502     保证金产品申购天添利       5212.77    1.000      0.00      0.00    -5212.77           3.67
20160217 A830345726     000502     证券买入锦江投资            100.00   35.420      5.00      0.07    -3547.07       -3543.40
20160217 0168550310     000502     证券卖出协鑫集成            900.00    8.710      5.00      7.84     7826.16        4282.76
20160217 980515268627     000502     保证金产品申购天添利       4281.76    1.000      0.00      0.00    -4281.76           1.00
20160218 0168550310     000502     证券买入光华科技            100.00   27.340      5.00      0.00    -2739.00       -2738.00
20160218 980515268627     000502     保证金产品赎回天添利       2739.00    1.000      0.00      0.00     2739.00       -2738.00
20160218 980515268627     000502     赎回到帐天添利                0.00    0.000      0.00      0.00     2739.00           1.00
20160222 A830345726     000502     证券买入读者传媒            100.00   45.420      5.00      0.09    -4547.09       -4546.09
20160222 0168550310     000502     证券卖出光华科技            100.00   26.130      5.00      2.61     2605.39       -1940.70
20160222 0168550310     000502     证券买入长航凤凰            200.00   12.520      5.00      0.00    -2509.00       -4449.70
20160222 980515268627     000502     保证金产品赎回天添利       4450.70    1.000      0.00      0.00     4450.70       -4449.70
20160222 980515268627     000502     赎回到帐天添利                0.00    0.000      0.00      0.00     4450.70           1.00
20160223 0168550310     000502     证券买入沙钢股份            200.00   12.600      5.00      0.00    -2525.00       -2524.00
20160223 0168550310     000502     证券卖出长航凤凰            200.00   12.000      5.00      2.40     2392.60        -131.40
20160223 0168550310     000502     证券买入沙钢股份            200.00   13.160      5.00      0.00    -2637.00       -2768.40
20160223 0168550310     000502     配号新易盛  (22989868)        2.00    0.000      0.00      0.00        0.00       -2768.40
20160223 980515268627     000502     保证金产品赎回天添利       2769.40    1.000      0.00      0.00     2769.40       -2768.40
20160223 980515268627     000502     赎回到帐天添利                0.00    0.000      0.00      0.00     2769.40           1.00
20160225 0168550310     000502     证券卖出沙钢股份            200.00   13.070      5.00      2.61     2606.39        2607.39
20160225 0168550310     000502     配号瑞尔特  (106879159)       2.00    0.000      0.00      0.00        0.00        2607.39
20160225 980515268627     000502     保证金产品申购天添利       2606.39    1.000      0.00      0.00    -2606.39           1.00
20160226 A830345726     000502     证券卖出读者传媒            100.00   36.400      5.00      3.71     3631.29        3632.29
20160226 0168550310     000502     证券买入沙钢股份            200.00   12.530      5.00      0.00    -2511.00        1121.29
20160226 0168550310     000502     证券卖出沙钢股份            200.00   11.760      5.00      2.35     2344.65        3465.94
20160226 980515268627     000502     保证金产品申购天添利       3464.94    1.000      0.00      0.00    -3464.94           1.00
20160229 0168550310     000502     证券卖出沙钢股份            200.00   10.980      5.00      2.20     2188.80        2189.80
20160229 0168550310     000502     配号昊志机电(3458374)         2.00    0.000      0.00      0.00        0.00        2189.80
20160229 980515268627     000502     保证金产品申购天添利       2188.80    1.000      0.00      0.00    -2188.80           1.00
20160301 A830345726     000502     证券买入锦江投资            100.00   34.040      5.00      0.07    -3409.07       -3408.07
20160301 0168550310     000502     证券买入远东传动            300.00    9.450      5.00      0.00    -2840.00       -6248.07
20160301 980515268627     000502     保证金产品赎回天添利       6249.07    1.000      0.00      0.00     6249.07       -6248.07
20160301 980515268627     000502     赎回到帐天添利                0.00    0.000      0.00      0.00     6249.07           1.00
20160302 A830345726     000502     证券卖出锦江投资            100.00   35.620      5.00      3.63     3553.37        3554.37
20160302 0168550310     000502     证券卖出远东传动            300.00    9.510      5.00      2.85     2845.15        6399.52
20160302 980515268627     000502     保证金产品申购天添利       6398.52    1.000      0.00      0.00    -6398.52           1.00
20160303 0168550310     000502     证券买入深圳华强            300.00   23.380      5.00      0.00    -7019.00       -7018.00
20160303 980515268627     000502     保证金产品赎回天添利       7019.00    1.000      0.00      0.00     7019.00       -7018.00
20160303 980515268627     000502     赎回到帐天添利                0.00    0.000      0.00      0.00     7019.00           1.00
20160304 0168550310     000502     证券卖出深圳华强            200.00   23.600      5.00      4.72     4710.28        4711.28
20160304 980515268627     000502     保证金产品申购天添利       4710.28    1.000      0.00      0.00    -4710.28           1.00
20160307 0168550310     000502     证券买入深圳华强            100.00   24.410      5.00      0.00    -2446.00       -2445.00
20160307 0168550310     000502     证券买入深圳华强            100.00   24.460      5.00      0.00    -2451.00       -4896.00
20160307 980515268627     000502     保证金产品赎回天添利       4897.00    1.000      0.00      0.00     4897.00       -4896.00
===================================================================================================================
page 4


深圳科技园高新南一道证券营业部 客户对帐单
客户号:0640909192  姓名:蔡幼奇   货币:人民币  日期:20151001-->20160331  牛卡级别::银卡
===================================================================================================================
发生日期  股东代码      银行代码   摘                   要       成交数 成交均价    手续费  印花税等    变动金额       资金余额
20160307 980515268627     000502     赎回到帐天添利                0.00    0.000      0.00      0.00     4897.00           1.00
20160308 0168550310     000502     证券卖出深圳华强            100.00   24.730      5.00      2.47     2465.53        2466.53
20160308 980515268627     000502     保证金产品申购天添利       2465.53    1.000      0.00      0.00    -2465.53           1.00
20160309 0168550310     000502     证券买入深圳华强            100.00   25.150      5.00      0.00    -2520.00       -2519.00
20160309 0168550310     000502     证券买入深物业A             100.00   13.910      5.00      0.00    -1396.00       -3915.00
20160309 980515268627     000502     股息入帐天添利                0.00    0.000      0.00      0.00        3.88       -3911.12
20160309 980515268627     000502     保证金产品赎回天添利       3916.00    1.000      0.00      0.00     3916.00       -3911.12
20160309 980515268627     000502     赎回到帐天添利                0.00    0.000      0.00      0.00     3916.00           4.88
20160310 0168550310     000502     证券卖出深物业A             100.00   13.620      5.00      1.36     1355.64        1360.52
20160310 980515268627     000502     保证金产品申购天添利       1359.52    1.000      0.00      0.00    -1359.52           1.00
20160311 0168550310     000502     证券卖出深圳华强            100.00   22.950      5.00      2.30     2287.70        2288.70
20160311 980515268627     000502     保证金产品申购天添利       2287.70    1.000      0.00      0.00    -2287.70           1.00
20160315 0168550310     000502     证券买入棕榈园林            100.00   25.390      5.00      0.00    -2544.00       -2543.00
20160315 980515268627     000502     保证金产品赎回天添利       2544.00    1.000      0.00      0.00     2544.00       -2543.00
20160315 980515268627     000502     赎回到帐天添利                0.00    0.000      0.00      0.00     2544.00           1.00
20160317 A830345726     000502     证券卖出锦江投资            100.00   35.960      5.00      3.67     3587.33        3588.33
20160317 0168550310     000502     证券卖出深圳华强            100.00   24.080      5.00      2.41     2400.59        5988.92
20160317 0168550310     000502     证券卖出棕榈园林            100.00   27.450      5.00      2.75     2737.25        8726.17
20160317 980515268627     000502     保证金产品申购天添利       8725.17    1.000      0.00      0.00    -8725.17           1.00
20160318                000502     批量利息归本                  0.00    0.000      0.00      0.00        2.19           3.19
20160318 0168550310     000502     证券买入深华发Ａ            100.00   24.500      5.00      0.00    -2455.00       -2451.81
20160318 0168550310     000502     证券卖出深圳华强            100.00   26.360      5.00      2.64     2628.36         176.55
20160318 980515268627     000502     保证金产品申购天添利        173.36    1.000      0.00      0.00     -173.36           3.19
20160321 0168550310     000502     证券卖出深华发Ａ            100.00   25.510      5.00      2.55     2543.45        2546.64
20160321 980515268627     000502     保证金产品申购天添利       2545.64    1.000      0.00      0.00    -2545.64           1.00
20160330 0168550310     000502     证券买入易尚展示            100.00   91.460      5.00      0.00    -9151.00       -9150.00
20160330 980515268627     000502     保证金产品赎回天添利       9151.00    1.000      0.00      0.00     9151.00       -9150.00
20160330 980515268627     000502     赎回到帐天添利                0.00    0.000      0.00      0.00     9151.00           1.00
20160331 0168550310     000502     证券卖出易尚展示            100.00   94.900      5.00      9.49     9475.51        9476.51
20160331 0168550310     000502     证券买入中泰股份            100.00   75.500      5.00      0.00    -7555.00        1921.51
20160331 980515268627     000502     保证金产品申购天添利       1920.51    1.000      0.00      0.00    -1920.51           1.00


深圳科技园高新南一道证券营业部 客户托管情况
客户号:0640909192  姓名:蔡幼奇                 货币:人民币  日期:20151001-->20160331  牛卡级别::银卡
===================================================================================================================
股东代码   证券代码及名称        库存数     当日买入   买入价    当日卖出   卖出价      可用数量            市值  成本价
0168550310 002506-协鑫集成       100.00        0.00    0.000        0.00    0.000        100.00          692.00  98.762
===================================================================================================================
注意：股票库存数为昨日余额，当日买卖和市值仅供参考，具体数据以登记公司为准。
===================================================================================================================
资金余额:              22.80                            市值:             692.00
可用资金:             456.60               可用资金+市值合计:            1148.60
买入未交收金额:               0.00                  卖出未交收金额:               0.00
第5页